0 0.001563 0.259375 0.001563 1.001562 0.860938 0.259375 0.860938 1.001562
1 0.090625 0.284375 0.090625 0.453125 0.785937 0.284375 0.785937 0.453125
1 0.398438 0.515625 0.398438 0.582812 0.628125 0.515625 0.628125 0.582812
1 0.168750 0.562500 0.168750 0.668750 0.573438 0.562500 0.573438 0.668750
1 0.196875 0.653125 0.196875 0.737500 0.509375 0.653125 0.509375 0.737500
1 0.001563 0.667188 0.001563 0.842187 0.679688 0.667188 0.679688 0.842187
1 0.087500 0.339062 0.087500 0.479687 0.654687 0.339062 0.654687 0.479687
