0 0.360938 0.164062 0.360938 1.001562 0.954688 0.164062 0.954688 1.001562
1 0.373437 0.239063 0.373437 0.945312 0.395313 0.239063 0.395313 0.945312
1 0.535937 0.365625 0.535937 0.595313 0.556250 0.365625 0.556250 0.595313
1 0.629687 0.401562 0.629687 0.810937 0.651563 0.401562 0.651563 0.810937
1 0.710938 0.448437 0.710938 0.765625 0.731250 0.448437 0.731250 0.765625
1 0.775000 0.262500 0.775000 0.992188 0.798438 0.262500 0.798438 0.992188
1 0.426563 0.360938 0.426563 0.935937 0.450000 0.360938 0.450000 0.935937
