0 0.003125 0.253125 0.003125 1.001562 1.001562 0.253125 1.001562 1.001562
1 0.007812 0.337500 0.007812 0.364063 0.315625 0.337500 0.315625 0.364063
1 0.143750 0.521875 0.143750 0.551562 0.917188 0.521875 0.917188 0.551562
1 0.123438 0.373437 0.123438 1.001562 0.168750 0.373437 0.168750 1.001562
1 0.328125 0.559375 0.328125 0.926562 0.365625 0.559375 0.365625 0.926562
1 0.659375 0.415625 0.659375 0.945312 0.698438 0.415625 0.698438 0.945312
1 0.320312 0.928125 0.320312 0.956250 1.001562 0.928125 1.001562 0.956250
1 0.871875 0.475000 0.871875 1.001562 0.893750 0.475000 0.893750 1.001562
1 0.598437 0.740625 0.598437 0.762500 1.001562 0.740625 1.001562 0.762500
1 0.525000 0.412500 0.525000 0.879687 0.543750 0.412500 0.543750 0.879687
1 0.335938 0.353125 0.335938 0.529687 0.356250 0.353125 0.356250 0.529687
