0 0.081250 0.268750 0.081250 0.978125 0.979688 0.268750 0.979688 0.978125
1 0.096875 0.328125 0.096875 0.954688 0.123438 0.328125 0.123438 0.954688
1 0.204687 0.326562 0.204687 0.962500 0.267188 0.326562 0.267188 0.962500
1 0.417187 0.309375 0.417187 0.968750 0.582812 0.309375 0.582812 0.968750
1 0.610938 0.304688 0.610938 0.978125 0.731250 0.304688 0.731250 0.978125
1 0.754687 0.312500 0.754687 0.978125 0.865625 0.312500 0.865625 0.978125
1 0.907813 0.310937 0.907813 0.976562 0.989062 0.310937 0.989062 0.976562
