0 0.001563 0.001563 0.001563 1.001562 0.807813 0.001563 0.807813 1.001562
1 0.578125 0.703125 0.578125 1.001562 0.642188 0.703125 0.642188 1.001562
1 0.409375 0.084375 0.409375 0.856250 0.532813 0.084375 0.532813 0.856250
1 0.001563 0.770312 0.001563 0.892188 0.587500 0.770312 0.587500 0.892188
1 0.059375 0.585938 0.059375 0.667188 0.426563 0.585938 0.426563 0.667188
1 0.079687 0.251563 0.079687 0.356250 0.612500 0.251563 0.612500 0.356250
1 0.028125 0.001563 0.028125 0.629687 0.139063 0.001563 0.139063 0.629687
1 0.051562 0.051562 0.051562 0.137500 0.576562 0.051562 0.576562 0.137500
1 0.254688 0.001563 0.254688 0.376563 0.325000 0.001563 0.325000 0.376563
1 0.129688 0.415625 0.129688 0.490625 0.593750 0.415625 0.593750 0.490625
1 0.454688 0.642188 0.454688 0.685937 0.632812 0.642188 0.632812 0.685937
