0 0.010937 0.001563 0.010937 0.756250 0.946875 0.001563 0.946875 0.756250
1 0.871875 0.068750 0.871875 0.695312 0.929688 0.068750 0.929688 0.695312
1 0.726562 0.054688 0.726562 0.692187 0.821875 0.054688 0.821875 0.692187
1 0.410938 0.031250 0.410938 0.698438 0.610938 0.031250 0.610938 0.698438
1 0.262500 0.015625 0.262500 0.693750 0.417187 0.015625 0.417187 0.693750
1 0.129688 0.007812 0.129688 0.678125 0.273438 0.007812 0.273438 0.678125
1 0.004687 0.001563 0.004687 0.670312 0.120313 0.001563 0.120313 0.670312
