0 0.012500 0.278125 0.012500 0.759375 0.995313 0.278125 0.995313 0.759375
0 0.543750 0.001563 0.543750 0.276562 0.779687 0.001563 0.779687 0.276562
1 0.081250 0.373437 0.081250 0.539062 0.101562 0.373437 0.101562 0.539062
1 0.165625 0.295312 0.165625 0.556250 0.173437 0.295312 0.173437 0.556250
1 0.268750 0.314063 0.268750 0.604688 0.287500 0.314063 0.287500 0.604688
1 0.375000 0.379688 0.375000 0.584375 0.403125 0.379688 0.403125 0.584375
1 0.475000 0.392188 0.475000 0.717187 0.504687 0.392188 0.504687 0.717187
1 0.585938 0.309375 0.585938 0.745313 0.604688 0.309375 0.604688 0.745313
1 0.414062 0.525000 0.414062 0.557813 0.771875 0.525000 0.771875 0.557813
1 0.784375 0.292187 0.784375 0.664062 0.815625 0.292187 0.815625 0.664062
1 0.878125 0.606250 0.878125 0.710938 0.909375 0.606250 0.909375 0.710938
1 0.671875 0.279687 0.671875 0.709375 0.687500 0.279687 0.687500 0.709375
1 0.671875 0.010937 0.671875 0.281250 0.685937 0.010937 0.685937 0.281250
0 0.756250 0.806250 0.756250 0.918750 0.846875 0.806250 0.846875 0.918750
1 0.776563 0.821875 0.776563 0.890625 0.806250 0.821875 0.806250 0.890625
