0 0.203125 0.001563 0.203125 1.001562 0.832812 0.001563 0.832812 1.001562
0 0.015625 0.578125 0.015625 0.854688 0.323437 0.578125 0.323437 0.854688
1 0.309375 0.081250 0.309375 0.128125 0.476562 0.081250 0.476562 0.128125
1 0.246875 0.160938 0.246875 0.210938 0.504687 0.160938 0.504687 0.210938
1 0.279687 0.256250 0.279687 0.320312 0.570312 0.256250 0.570312 0.320312
1 0.360938 0.364063 0.360938 0.423438 0.567187 0.364063 0.567187 0.423438
1 0.390625 0.442188 0.390625 0.521875 0.715625 0.442188 0.715625 0.521875
1 0.326562 0.546875 0.326562 0.632812 0.757812 0.546875 0.757812 0.632812
1 0.510938 0.406250 0.510938 0.764062 0.600000 0.406250 0.600000 0.764062
1 0.339062 0.754687 0.339062 0.843750 0.710938 0.754687 0.710938 0.843750
1 0.664062 0.842187 0.664062 0.889062 0.771875 0.842187 0.771875 0.889062
1 0.309375 0.637500 0.309375 0.720313 0.735938 0.637500 0.735938 0.720313
1 0.043750 0.704688 0.043750 0.760938 0.312500 0.704688 0.312500 0.760938
0 0.842187 0.687500 0.842187 0.795312 0.967187 0.687500 0.967187 0.795312
1 0.860938 0.712500 0.860938 0.753125 0.932813 0.712500 0.932813 0.753125
