0 0.185938 0.001563 0.185938 1.001562 0.782813 0.001563 0.782813 1.001562
0 0.729688 0.481250 0.729688 0.748437 1.001562 0.481250 1.001562 0.748437
1 0.414062 0.068750 0.414062 0.110937 0.581250 0.068750 0.581250 0.110937
1 0.407813 0.142187 0.407813 0.182812 0.665625 0.142187 0.665625 0.182812
1 0.371875 0.248438 0.371875 0.303125 0.662500 0.248438 0.662500 0.303125
1 0.404687 0.360938 0.404687 0.414062 0.610938 0.360938 0.610938 0.414062
1 0.284375 0.462500 0.284375 0.531250 0.610938 0.462500 0.610938 0.531250
1 0.271875 0.562500 0.271875 0.634375 0.704688 0.562500 0.704688 0.634375
1 0.435937 0.417187 0.435937 0.776563 0.512500 0.417187 0.512500 0.776563
1 0.375000 0.756250 0.375000 0.832812 0.748437 0.756250 0.748437 0.832812
1 0.340625 0.889062 0.340625 0.932813 0.448437 0.889062 0.448437 0.932813
1 0.317188 0.643750 0.317188 0.710938 0.745313 0.643750 0.745313 0.710938
1 0.740625 0.610938 0.740625 0.657813 1.001562 0.610938 1.001562 0.657813
0 0.118750 0.790625 0.118750 0.893750 0.242188 0.790625 0.242188 0.893750
1 0.150000 0.814063 0.150000 0.851562 0.221875 0.814063 0.221875 0.851562
