0 0.001563 0.001563 0.001563 0.993750 0.489063 0.001563 0.489063 0.993750
0 0.414062 0.003125 0.414062 0.935937 0.946875 0.003125 0.946875 0.935937
1 0.090625 0.171875 0.090625 0.256250 0.451562 0.171875 0.451562 0.256250
1 0.228125 0.123438 0.228125 0.514062 0.287500 0.123438 0.287500 0.514062
1 0.009375 0.446875 0.009375 0.514062 0.448437 0.446875 0.448437 0.514062
1 0.001563 0.714063 0.001563 0.767188 0.276562 0.714063 0.276562 0.767188
1 0.001563 0.843750 0.001563 0.887500 0.176563 0.843750 0.176563 0.887500
1 0.020313 0.229687 0.020313 0.851562 0.100000 0.229687 0.100000 0.851562
1 0.025000 0.253125 0.025000 0.329688 0.646875 0.253125 0.646875 0.329688
1 0.495312 0.185938 0.495312 0.295312 0.532813 0.185938 0.532813 0.295312
1 0.612500 0.182812 0.612500 0.273438 0.651563 0.182812 0.651563 0.273438
1 0.389062 0.728125 0.389062 0.812500 0.476562 0.728125 0.476562 0.812500
1 0.601193 0.177275 0.647309 0.185568 0.652221 0.161867 0.553370 0.156058 0.492534 0.186221 0.532047 0.172645 0.601193 0.177275
1 0.346069 0.108113 0.361248 0.129313 0.378645 0.125157 0.360349 0.090910 0.308599 0.082124 0.278331 0.103606 0.283279 0.128169 0.316611 0.104116 0.346069 0.108113
1 0.178564 0.092039 0.141692 0.091652 0.119207 0.105298 0.104980 0.138120 0.098413 0.164515 0.120951 0.166486 0.128135 0.133049 0.144193 0.111743 0.164284 0.109242 0.185044 0.115317 0.203057 0.104118 0.178564 0.092039
1 0.651041 0.078018 0.735753 0.066976 0.792469 0.067680 0.826206 0.087665 0.840486 0.070462 0.800075 0.045635 0.751565 0.048488 0.678245 0.059106 0.611176 0.063174 0.557454 0.076927 0.516286 0.093197 0.578883 0.091577 0.651041 0.078018
1 0.444221 0.511301 0.503631 0.513660 0.505233 0.495348 0.449010 0.489010 0.444221 0.511301
