0 0.001563 0.023438 0.001563 1.001562 0.532813 0.023438 0.532813 1.001562
0 0.364063 0.001563 0.364063 0.904687 0.968750 0.001563 0.968750 0.904687
1 0.025000 0.226562 0.025000 0.340625 0.385937 0.226562 0.385937 0.340625
1 0.171875 0.193750 0.171875 0.582812 0.264062 0.193750 0.264062 0.582812
1 0.014063 0.500000 0.014063 0.604688 0.450000 0.500000 0.450000 0.604688
1 0.057813 0.790625 0.057813 0.868750 0.351562 0.790625 0.351562 0.868750
1 0.078125 0.932813 0.078125 0.995313 0.285938 0.932813 0.285938 0.995313
1 0.020313 0.345313 0.020313 0.962500 0.153125 0.345313 0.153125 0.962500
1 0.001563 0.276562 0.001563 0.406250 0.593750 0.276562 0.593750 0.406250
1 0.421875 0.192188 0.421875 0.303125 0.468750 0.192188 0.468750 0.303125
1 0.534375 0.157812 0.534375 0.250000 0.579688 0.157812 0.579688 0.250000
1 0.456250 0.732812 0.456250 0.823438 0.550000 0.732812 0.550000 0.823438
1 0.514218 0.162081 0.560909 0.158155 0.559519 0.133991 0.462532 0.153964 0.411577 0.198845 0.446229 0.175505 0.514218 0.162081
1 0.249887 0.161307 0.270035 0.177856 0.285763 0.169339 0.259228 0.140994 0.206967 0.145901 0.183290 0.174485 0.194427 0.196931 0.220398 0.165070 0.249887 0.161307
1 0.083928 0.189134 0.048213 0.198303 0.030026 0.217304 0.024779 0.252689 0.025266 0.279884 0.047547 0.275956 0.045832 0.241798 0.055828 0.217062 0.074587 0.209447 0.096212 0.209941 0.110713 0.194462 0.083928 0.189134
1 0.623252 0.000000 0.558060 0.027996 0.494329 0.049284 0.445997 0.076473 0.410443 0.102843 0.470487 0.085077 0.536677 0.053304 0.615645 0.020714 0.670610 0.006715 0.708370 0.017287 0.716320 0.000000 0.623252 0.000000
1 0.449047 0.525353 0.507043 0.512255 0.503851 0.494152 0.447903 0.502581 0.449047 0.525353
