0 0.326562 0.001563 0.326562 1.001562 0.751563 0.001563 0.751563 1.001562
1 0.450000 0.171875 0.450000 0.215625 0.660937 0.171875 0.660937 0.215625
1 0.428125 0.367188 0.428125 0.418750 0.656250 0.367188 0.656250 0.418750
1 0.400000 0.557813 0.400000 0.626563 0.678125 0.557813 0.678125 0.626563
1 0.435937 0.781250 0.435937 0.848437 0.717187 0.781250 0.717187 0.848437
1 0.650000 0.610938 0.650000 0.781250 0.698438 0.610938 0.698438 0.781250
1 0.457813 0.621875 0.457813 0.804688 0.501563 0.621875 0.501563 0.804688
1 0.543750 0.450000 0.543750 0.578125 0.590625 0.450000 0.590625 0.578125
1 0.528125 0.218750 0.528125 0.382812 0.575000 0.218750 0.575000 0.382812
1 0.620313 0.210938 0.620313 0.351562 0.668750 0.210938 0.668750 0.351562
1 0.670312 0.823438 0.670312 0.881250 0.715625 0.823438 0.715625 0.881250
1 0.575000 0.835938 0.575000 0.957812 0.654687 0.835938 0.654687 0.957812
1 0.464062 0.850000 0.464062 0.998437 0.521875 0.850000 0.521875 0.998437
