0 0.092188 0.001563 0.092188 0.957812 0.507812 0.001563 0.507812 0.957812
0 0.548438 0.001563 0.548438 0.185938 1.001562 0.001563 1.001562 0.185938
0 0.757812 0.596875 0.757812 0.715625 0.915625 0.596875 0.915625 0.715625
1 0.134375 0.001563 0.134375 0.945312 0.457813 0.001563 0.457813 0.945312
1 0.571875 0.014063 0.571875 0.168750 1.001562 0.014063 1.001562 0.168750
1 0.798438 0.626563 0.798438 0.667188 0.873437 0.626563 0.873437 0.667188
