0 0.003125 0.204687 0.003125 0.384375 1.001562 0.204687 1.001562 0.384375
0 0.001563 0.437500 0.001563 1.001562 0.051562 0.437500 0.051562 1.001562
0 0.526563 0.793750 0.526563 0.932813 0.614062 0.793750 0.614062 0.932813
1 0.007812 0.248438 0.007812 0.334375 1.001562 0.248438 1.001562 0.334375
1 0.009375 0.457813 0.009375 0.998437 0.035937 0.457813 0.035937 0.998437
1 0.548438 0.825000 0.548438 0.895312 0.575000 0.825000 0.575000 0.895312
