0 0.001563 0.378125 0.001563 0.700000 1.001562 0.378125 1.001562 0.700000
1 0.189062 0.482812 0.189062 0.692187 0.212500 0.482812 0.212500 0.692187
1 0.384375 0.440625 0.384375 0.667188 0.412500 0.440625 0.412500 0.667188
1 0.575000 0.392188 0.575000 0.667188 0.615625 0.392188 0.615625 0.667188
1 0.801562 0.404687 0.801562 0.682813 0.840625 0.404687 0.840625 0.682813
1 0.629687 0.637500 0.629687 0.668750 0.796875 0.637500 0.796875 0.668750
1 0.618750 0.443750 0.618750 0.470313 0.800000 0.443750 0.800000 0.470313
1 0.457813 0.546875 0.457813 0.582812 0.584375 0.546875 0.584375 0.582812
1 0.225000 0.557813 0.225000 0.587500 0.387500 0.557813 0.387500 0.587500
1 0.228125 0.650000 0.228125 0.684375 0.365625 0.650000 0.365625 0.684375
1 0.842187 0.634375 0.842187 0.675000 0.896875 0.634375 0.896875 0.675000
1 0.848437 0.537500 0.848437 0.606250 0.964063 0.537500 0.964063 0.606250
1 0.848437 0.428125 0.848437 0.470313 0.993750 0.428125 0.993750 0.470313
