0 0.276562 0.001563 0.276562 1.001562 0.650000 0.001563 0.650000 1.001562
1 0.326562 0.181250 0.326562 0.214062 0.537500 0.181250 0.537500 0.214062
1 0.342187 0.375000 0.342187 0.415625 0.570312 0.375000 0.570312 0.415625
1 0.331250 0.567187 0.331250 0.621875 0.607812 0.567187 0.607812 0.621875
1 0.303125 0.792188 0.303125 0.845313 0.582812 0.792188 0.582812 0.845313
1 0.318750 0.620313 0.318750 0.789062 0.359375 0.620313 0.359375 0.789062
1 0.518750 0.620313 0.518750 0.803125 0.553125 0.620313 0.553125 0.803125
1 0.417187 0.454688 0.417187 0.581250 0.457813 0.454688 0.457813 0.581250
1 0.423438 0.221875 0.423438 0.385937 0.460938 0.221875 0.460938 0.385937
1 0.326562 0.218750 0.326562 0.357812 0.368750 0.218750 0.368750 0.357812
1 0.307812 0.834375 0.307812 0.889062 0.351562 0.834375 0.351562 0.889062
1 0.373437 0.843750 0.373437 0.962500 0.448437 0.843750 0.448437 0.962500
1 0.507812 0.850000 0.507812 0.996875 0.557813 0.850000 0.557813 0.996875
