0 0.531250 0.001563 0.531250 0.973437 0.881250 0.001563 0.881250 0.973437
0 0.001563 0.001563 0.001563 0.145313 0.485938 0.001563 0.485938 0.145313
0 0.081250 0.576562 0.081250 0.687500 0.234375 0.576562 0.234375 0.687500
1 0.579688 0.001563 0.579688 0.964063 0.837500 0.001563 0.837500 0.964063
1 0.001563 0.009375 0.001563 0.128125 0.464062 0.009375 0.464062 0.128125
1 0.121875 0.604688 0.121875 0.642188 0.195312 0.604688 0.195312 0.642188
