0 0.125000 0.226562 0.125000 0.803125 0.879687 0.226562 0.879687 0.803125
1 0.403125 0.357812 0.403125 0.575000 0.457813 0.357812 0.457813 0.575000
1 0.260937 0.412500 0.260937 0.562500 0.307812 0.412500 0.307812 0.562500
1 0.281250 0.635938 0.281250 0.779687 0.326562 0.635938 0.326562 0.779687
1 0.415625 0.646875 0.415625 0.775000 0.471875 0.646875 0.471875 0.775000
1 0.618750 0.607812 0.618750 0.757812 0.657813 0.607812 0.657813 0.757812
1 0.807813 0.596875 0.807813 0.689063 0.857812 0.596875 0.857812 0.689063
1 0.235937 0.265625 0.235937 0.300000 0.507812 0.265625 0.507812 0.300000
1 0.291290 0.623586 0.417138 0.616516 0.520362 0.600962 0.613688 0.585407 0.690045 0.572681 0.794683 0.548643 0.849830 0.542986 0.844174 0.517534 0.793269 0.518948 0.722568 0.533088 0.636312 0.550057 0.595305 0.555713 0.480769 0.576923 0.301188 0.593891 0.149887 0.593891 0.139989 0.619344 0.213518 0.626414 0.291290 0.623586
1 0.291290 0.352093 0.265837 0.337952 0.248869 0.346437 0.258767 0.404412 0.302602 0.404412 0.312500 0.370475 0.291290 0.352093
3 0.139063 0.003125 0.139063 0.204687 0.475000 0.003125 0.475000 0.204687
