0 0.143750 0.068750 0.143750 0.942187 0.885938 0.068750 0.885938 0.942187
1 0.371875 0.370312 0.371875 0.478125 0.598437 0.370312 0.598437 0.478125
1 0.462500 0.246875 0.462500 0.328125 0.618750 0.246875 0.618750 0.328125
1 0.675000 0.320312 0.675000 0.398438 0.825000 0.320312 0.825000 0.398438
1 0.650000 0.453125 0.650000 0.539062 0.787500 0.453125 0.787500 0.539062
1 0.567187 0.642188 0.567187 0.715625 0.721875 0.642188 0.721875 0.715625
1 0.507812 0.821875 0.507812 0.893750 0.609375 0.821875 0.609375 0.893750
1 0.271875 0.187500 0.271875 0.459375 0.370312 0.187500 0.370312 0.459375
1 0.579290 0.499950 0.531001 0.605953 0.515593 0.644373 0.478261 0.723961 0.447437 0.789142 0.433750 0.838193 0.457078 0.849838 0.475907 0.797698 0.524546 0.701983 0.555367 0.630973 0.593037 0.544182 0.633101 0.447787 0.670407 0.327387 0.691965 0.252610 0.702893 0.179554 0.675802 0.183001 0.639199 0.329808 0.579290 0.499950
1 0.399415 0.233590 0.406978 0.261707 0.419683 0.286735 0.455006 0.285340 0.465611 0.242808 0.411752 0.219178 0.399415 0.233590
3 0.023438 0.028125 0.023438 0.404687 0.301563 0.028125 0.301563 0.404687
