0 0.654687 0.673438 0.654687 0.801562 0.931250 0.673438 0.931250 0.801562
0 0.587500 0.767188 0.587500 0.864062 0.857812 0.767188 0.857812 0.864062
0 0.620313 0.823438 0.620313 0.914062 0.828125 0.823438 0.828125 0.914062
0 0.564063 0.871875 0.564063 0.946875 0.754687 0.871875 0.754687 0.946875
0 0.537500 0.904687 0.537500 0.979688 0.731250 0.904687 0.731250 0.979688
0 0.462500 0.957812 0.462500 1.001562 0.679688 0.957812 0.679688 1.001562
0 0.026562 0.379688 0.026562 0.464062 0.190625 0.379688 0.190625 0.464062
2 0.628125 0.035937 0.628125 0.446875 1.001562 0.035937 1.001562 0.446875
2 0.365625 0.001563 0.365625 0.278125 0.542188 0.001563 0.542188 0.278125
2 0.115625 0.001563 0.115625 0.270313 0.412500 0.001563 0.412500 0.270313
2 0.601562 0.409375 0.601562 0.670312 0.860938 0.409375 0.860938 0.670312
2 0.912500 0.495312 0.912500 0.723437 1.001562 0.495312 1.001562 0.723437
