0 0.332813 0.009375 0.332813 0.284375 0.439063 0.009375 0.439063 0.284375
0 0.251563 0.048438 0.251563 0.320312 0.326562 0.048438 0.326562 0.320312
0 0.201563 0.059375 0.201563 0.267188 0.276562 0.059375 0.276562 0.267188
0 0.148438 0.114062 0.148438 0.304688 0.207813 0.114062 0.207813 0.304688
0 0.109375 0.123438 0.109375 0.317188 0.168750 0.123438 0.168750 0.317188
0 0.017188 0.146875 0.017188 0.364063 0.095312 0.146875 0.095312 0.364063
0 0.400000 0.817187 0.400000 0.978125 0.471875 0.817187 0.471875 0.978125
2 0.679688 0.046875 0.679688 0.479687 1.001562 0.046875 1.001562 0.479687
2 0.684375 0.604688 0.684375 0.759375 0.985938 0.604688 0.985938 0.759375
2 0.628125 0.723437 0.628125 1.001562 0.931250 0.723437 0.931250 1.001562
2 0.425000 0.153125 0.425000 0.396875 0.671875 0.153125 0.671875 0.396875
2 0.450000 0.001563 0.450000 0.073438 0.678125 0.001563 0.678125 0.073438
