0 0.031250 0.631250 0.031250 0.700000 0.300000 0.631250 0.300000 0.700000
0 0.082812 0.737500 0.082812 0.776563 0.351562 0.737500 0.351562 0.776563
0 0.100000 0.785937 0.100000 0.832812 0.304688 0.785937 0.304688 0.832812
0 0.162500 0.845313 0.162500 0.881250 0.351562 0.845313 0.351562 0.881250
0 0.178125 0.884375 0.178125 0.917188 0.368750 0.884375 0.368750 0.917188
0 0.214062 0.953125 0.214062 1.001562 0.426563 0.953125 0.426563 1.001562
0 0.825000 0.487500 0.825000 0.537500 0.981250 0.487500 0.981250 0.537500
2 0.018750 0.003125 0.018750 0.334375 0.409375 0.003125 0.409375 0.334375
2 0.575000 0.001563 0.575000 0.290625 0.690625 0.001563 0.690625 0.290625
2 0.700000 0.039062 0.700000 0.310937 0.942187 0.039062 0.942187 0.310937
2 0.160938 0.378125 0.160938 0.595313 0.378125 0.378125 0.378125 0.595313
2 0.010937 0.392188 0.010937 0.615625 0.054688 0.392188 0.054688 0.615625
