0 0.002828 0.814480 0.000000 0.873869 0.035351 0.842760 0.048077 0.787613 0.100396 0.619344 0.132919 0.509050 0.169683 0.390271 0.186652 0.345023 0.176753 0.315328 0.156957 0.315328 0.094740 0.517534 0.060803 0.633484 0.021210 0.678733 0.002828 0.814480
0 0.255939 0.521776 0.264423 0.528846 0.265837 0.718326 0.325226 0.704186 0.346437 0.533088 0.255939 0.521776
0 0.497738 0.404412 0.480769 0.810238 0.603790 0.793269 0.682975 0.407240 0.497738 0.404412
0 0.657523 0.658937 0.626414 0.762161 0.673077 0.750848 0.698529 0.658937 0.657523 0.658937
0 0.807410 0.625000 0.837104 0.571267 0.817308 0.544400 0.798925 0.548643 0.743778 0.671663 0.707014 0.764989 0.763575 0.762161 0.807410 0.625000
0 0.695701 0.769231 0.721154 0.699943 0.733880 0.660351 0.733880 0.625000 0.694287 0.673077 0.681561 0.742364 0.678733 0.764989 0.695701 0.769231
1 0.557127 0.499152 0.509050 0.627828 0.524604 0.634898 0.565611 0.646210 0.569853 0.673077 0.575509 0.708428 0.596719 0.639140 0.644796 0.490667 0.658937 0.424208 0.625000 0.449661 0.557127 0.499152
1 0.144231 0.386029 0.137161 0.419966 0.132919 0.436934 0.124434 0.462387 0.110294 0.496324 0.091912 0.541572 0.079186 0.576923 0.072115 0.620758 0.050905 0.661765 0.083428 0.664593 0.091912 0.640554 0.103224 0.591063 0.121606 0.550057 0.124434 0.503394 0.139989 0.476527 0.158371 0.411482 0.172511 0.343609 0.162613 0.340781 0.155543 0.354921 0.144231 0.386029
2 0.012500 0.001563 0.012500 0.281250 0.282813 0.001563 0.282813 0.281250
2 0.384375 0.242188 0.384375 0.371875 0.693750 0.242188 0.693750 0.371875
2 0.840625 0.607812 0.840625 0.739062 0.960938 0.607812 0.960938 0.739062
2 0.126562 0.617188 0.126562 0.845313 0.240625 0.617188 0.240625 0.845313
2 0.359375 0.614062 0.359375 0.840625 0.478125 0.614062 0.478125 0.840625
2 0.243750 0.725000 0.243750 0.840625 0.359375 0.725000 0.359375 0.840625
2 0.695312 0.375000 0.695312 0.581250 0.846875 0.375000 0.846875 0.581250
