0 0.147455 0.619601 0.162838 0.592340 0.154815 0.544685 0.141390 0.421074 0.130510 0.306601 0.111259 0.131440 0.109289 0.074878 0.080524 0.037596 0.071968 0.096433 0.064111 0.233193 0.094342 0.285166 0.105531 0.405461 0.128023 0.615823 0.147455 0.619601
0 0.264578 0.432055 0.355572 0.438218 0.367398 0.266218 0.311798 0.241005 0.274255 0.426734 0.264578 0.432055
0 0.661914 0.625969 0.657841 0.231923 0.540319 0.191793 0.479540 0.593400 0.661914 0.625969
0 0.725208 0.381865 0.717761 0.286785 0.674114 0.266777 0.684955 0.374040 0.725208 0.381865
0 0.819950 0.516960 0.844509 0.494365 0.825613 0.435953 0.808755 0.292948 0.753772 0.279380 0.772054 0.378006 0.802715 0.509289 0.819950 0.516960
0 0.760179 0.387222 0.755242 0.345928 0.743477 0.273057 0.726011 0.273984 0.724471 0.296732 0.723742 0.367175 0.753434 0.421923 0.760179 0.387222
1 0.613892 0.309810 0.601594 0.343432 0.592304 0.368995 0.549892 0.372275 0.533274 0.376247 0.555915 0.511733 0.613098 0.573266 0.641555 0.604726 0.640355 0.536790 0.621492 0.381871 0.613892 0.309810
1 0.142124 0.454348 0.131982 0.425007 0.138110 0.378662 0.127890 0.334901 0.126229 0.284161 0.122487 0.258946 0.090022 0.255516 0.103019 0.299817 0.101595 0.344195 0.107342 0.381324 0.116753 0.429250 0.124158 0.465261 0.127629 0.491864 0.128556 0.509330 0.129021 0.543993 0.134189 0.576688 0.138431 0.591918 0.148687 0.591030 0.147758 0.521706 0.142124 0.454348
2 0.001563 0.623437 0.001563 0.950000 0.243750 0.623437 0.243750 0.950000
2 0.337500 0.606250 0.337500 0.793750 0.665625 0.606250 0.665625 0.793750
2 0.853125 0.334375 0.853125 0.485938 0.996875 0.334375 0.996875 0.485938
2 0.156250 0.093750 0.156250 0.339062 0.312500 0.093750 0.312500 0.339062
2 0.384375 0.142187 0.384375 0.387500 0.543750 0.142187 0.543750 0.387500
2 0.290625 0.120313 0.290625 0.256250 0.426563 0.120313 0.426563 0.256250
2 0.667188 0.460938 0.667188 0.692187 0.854688 0.460938 0.854688 0.692187
