0 0.173580 0.679002 0.183995 0.649485 0.167819 0.603947 0.133132 0.484545 0.102540 0.373700 0.053165 0.204544 0.041403 0.149183 0.006601 0.117462 0.008392 0.176891 0.024403 0.312938 0.063200 0.358871 0.095108 0.475396 0.153786 0.678657 0.173580 0.679002
0 0.256356 0.473968 0.347038 0.464237 0.328816 0.292795 0.269683 0.277621 0.264962 0.467047 0.256356 0.473968
0 0.681328 0.595939 0.608892 0.208587 0.486187 0.189474 0.496070 0.595534 0.681328 0.595939
0 0.701273 0.344552 0.677428 0.252210 0.630970 0.240086 0.660272 0.343837 0.701273 0.344552
0 0.818034 0.461144 0.838297 0.434627 0.809544 0.380384 0.768110 0.242479 0.711607 0.238665 0.746737 0.332618 0.799729 0.456582 0.818034 0.461144
0 0.736643 0.343756 0.724610 0.303947 0.700370 0.234226 0.683331 0.238171 0.685763 0.260841 0.697278 0.330340 0.736026 0.379101 0.736643 0.343756
1 0.579135 0.292922 0.572863 0.328169 0.568153 0.354957 0.526955 0.365552 0.511279 0.372349 0.557103 0.501845 0.624102 0.552513 0.657590 0.578554 0.644611 0.511858 0.599133 0.362569 0.579135 0.292922
1 0.139634 0.517186 0.124551 0.490052 0.122538 0.443347 0.104874 0.402026 0.094427 0.352345 0.086364 0.328162 0.053797 0.330422 0.074288 0.371793 0.080592 0.415744 0.092699 0.451312 0.110289 0.496875 0.123835 0.531053 0.131874 0.556650 0.135819 0.573689 0.142296 0.607744 0.153063 0.639045 0.159886 0.653307 0.169832 0.650652 0.156878 0.582542 0.139634 0.517186
2 0.003125 0.714063 0.003125 0.998437 0.278125 0.714063 0.278125 0.998437
2 0.381250 0.629687 0.381250 0.765625 0.692187 0.629687 0.692187 0.765625
2 0.842187 0.271875 0.842187 0.404687 0.964063 0.271875 0.964063 0.404687
2 0.128125 0.151562 0.128125 0.381250 0.248438 0.151562 0.248438 0.381250
2 0.360938 0.160938 0.360938 0.389062 0.484375 0.160938 0.484375 0.389062
2 0.248438 0.159375 0.248438 0.276562 0.365625 0.159375 0.365625 0.276562
2 0.692187 0.425000 0.692187 0.634375 0.846875 0.425000 0.846875 0.634375
