0 0.378125 0.110937 0.378125 0.948438 0.878125 0.110937 0.878125 0.948438
0 0.209375 0.012500 0.209375 0.437500 0.539062 0.012500 0.539062 0.437500
0 0.098437 0.670312 0.098437 0.810937 0.404687 0.670312 0.404687 0.810937
1 0.557263 0.238013 0.556841 0.262420 0.550905 0.292957 0.535373 0.395094 0.480582 0.365717 0.481779 0.381795 0.508769 0.398565 0.551607 0.422737 0.537691 0.464688 0.522194 0.522176 0.516993 0.585987 0.555397 0.610738 0.620983 0.636451 0.659156 0.669800 0.674808 0.641152 0.624721 0.609809 0.636362 0.557333 0.654787 0.477366 0.704217 0.489855 0.681391 0.473894 0.686514 0.395663 0.693643 0.329345 0.734784 0.347425 0.717779 0.331156 0.620883 0.259023 0.513229 0.197763 0.557263 0.238013
1 0.587735 0.436963 0.610058 0.411051 0.610708 0.326189 0.625164 0.281462 0.592930 0.269435 0.584572 0.416181 0.587735 0.436963
1 0.406250 0.767188 0.406250 0.842187 0.726562 0.767188 0.726562 0.842187
1 0.117188 0.709375 0.117188 0.781250 0.406250 0.709375 0.406250 0.781250
1 0.404687 0.178125 0.404687 0.334375 0.465625 0.178125 0.465625 0.334375
1 0.301563 0.143750 0.301563 0.281250 0.364063 0.143750 0.364063 0.281250
1 0.287049 0.064488 0.317086 0.080410 0.339642 0.097759 0.366363 0.115917 0.407543 0.141207 0.455393 0.169235 0.510801 0.210256 0.514578 0.190823 0.487048 0.176829 0.404419 0.127636 0.340952 0.083608 0.286971 0.050068 0.287049 0.064488
1 0.477267 0.367953 0.445261 0.349146 0.452051 0.371695 0.472101 0.387116 0.477267 0.367953
3 0.659375 0.734375 0.659375 1.001562 0.882812 0.734375 0.882812 1.001562
3 0.676562 0.042188 0.676562 0.195312 0.798438 0.042188 0.798438 0.195312
3 0.695312 0.170313 0.695312 0.340625 0.793750 0.170313 0.793750 0.340625
3 0.685937 0.395313 0.685937 0.575000 0.778125 0.395313 0.778125 0.575000
