0 0.112500 0.453125 0.112500 0.809375 0.898438 0.453125 0.898438 0.809375
0 0.064062 0.192188 0.064062 0.454688 0.443750 0.192188 0.443750 0.454688
0 0.740625 0.153125 0.740625 0.448437 0.826562 0.153125 0.826562 0.448437
1 0.295532 0.657523 0.361991 0.663179 0.439762 0.673077 0.451075 0.698529 0.448247 0.647624 0.530260 0.644796 0.583993 0.643382 0.605204 0.698529 0.636312 0.688631 0.610860 0.644796 0.598133 0.575509 0.581165 0.533088 0.517534 0.526018 0.458145 0.530260 0.414310 0.535916 0.398756 0.489253 0.387443 0.459559 0.371889 0.455317 0.390271 0.514706 0.287048 0.510464 0.255939 0.510464 0.231900 0.506222 0.200792 0.455317 0.240385 0.572681 0.292704 0.681561 0.305430 0.701357 0.295532 0.657523
1 0.391686 0.591063 0.421380 0.574095 0.401584 0.567025 0.255939 0.547229 0.261595 0.581165 0.308258 0.575509 0.391686 0.591063
1 0.779687 0.460938 0.779687 0.784375 0.793750 0.460938 0.793750 0.784375
1 0.778125 0.167187 0.778125 0.456250 0.795312 0.167187 0.795312 0.456250
1 0.196875 0.373437 0.196875 0.406250 0.350000 0.373437 0.350000 0.406250
1 0.182812 0.260937 0.182812 0.298438 0.315625 0.260937 0.315625 0.298438
1 0.193722 0.455317 0.213518 0.455317 0.183824 0.393100 0.165441 0.340781 0.148473 0.295532 0.135747 0.265837 0.123020 0.240385 0.113122 0.207862 0.098982 0.205034 0.121606 0.264423 0.152715 0.335124 0.185238 0.425622 0.193722 0.455317
1 0.394514 0.451075 0.383201 0.428450 0.362362 0.417482 0.374717 0.452489 0.394514 0.451075
3 0.689063 0.759375 0.689063 0.926562 1.001562 0.759375 1.001562 0.926562
3 0.010937 0.610938 0.010937 0.709375 0.150000 0.610938 0.150000 0.709375
3 0.132812 0.657813 0.132812 0.726562 0.293750 0.657813 0.293750 0.726562
3 0.354687 0.695312 0.354687 0.756250 0.528125 0.695312 0.528125 0.756250
