0 0.429688 0.203125 0.429688 0.432812 0.707812 0.203125 0.707812 0.432812
1 0.498437 0.246875 0.498437 0.339062 0.506250 0.246875 0.506250 0.339062
1 0.554688 0.234375 0.554688 0.373437 0.556250 0.234375 0.556250 0.373437
1 0.601562 0.234375 0.601562 0.401562 0.609375 0.234375 0.609375 0.401562
1 0.482812 0.265625 0.482812 0.276562 0.650000 0.265625 0.650000 0.276562
1 0.553125 0.348438 0.553125 0.359375 0.648438 0.348438 0.648438 0.359375
2 0.346875 0.904687 0.346875 1.001562 0.587500 0.904687 0.587500 1.001562
2 0.001563 0.903125 0.001563 1.001562 0.217188 0.903125 0.217188 1.001562
