0 0.534375 0.031250 0.534375 1.001562 1.001562 0.031250 1.001562 1.001562
0 0.446875 0.001563 0.446875 0.453125 0.634375 0.001563 0.634375 0.453125
1 0.503125 0.006250 0.503125 0.415625 0.592187 0.006250 0.592187 0.415625
1 0.703125 0.646875 0.703125 1.001562 0.976562 0.646875 0.976562 1.001562
1 0.896875 0.137500 0.896875 0.471875 1.001562 0.137500 1.001562 0.471875
1 0.942187 0.473438 0.942187 0.682813 1.001562 0.473438 1.001562 0.682813
1 0.720313 0.050000 0.720313 0.295312 0.889062 0.050000 0.889062 0.295312
1 0.732812 0.270313 0.732812 0.384375 0.884375 0.270313 0.884375 0.384375
1 0.886383 0.518737 0.881462 0.473358 0.885226 0.443869 0.892347 0.403485 0.885707 0.367854 0.889878 0.319771 0.900682 0.258499 0.910012 0.205583 0.934732 0.073536 0.915236 0.070099 0.910325 0.097950 0.904187 0.132763 0.896333 0.201735 0.884301 0.269969 0.871529 0.317972 0.863510 0.379735 0.862942 0.415531 0.860655 0.461074 0.847473 0.503261 0.853702 0.533076 0.853134 0.568872 0.838892 0.649640 0.861173 0.653568 0.862646 0.645213 0.868539 0.611792 0.876888 0.564445 0.869841 0.547409 0.880652 0.534956 0.886383 0.518737
1 0.725228 0.276381 0.721703 0.255657 0.720307 0.231002 0.724481 0.207329 0.728245 0.177840 0.736102 0.133278 0.741750 0.101250 0.753946 0.040223 0.737236 0.037277 0.733307 0.059557 0.728887 0.084623 0.728810 0.117634 0.724881 0.139915 0.719234 0.171943 0.715551 0.192831 0.711867 0.213719 0.700895 0.243373 0.701555 0.272206 0.713105 0.279986 0.713190 0.295795 0.707132 0.322008 0.705497 0.347565 0.700505 0.384017 0.689288 0.415063 0.708127 0.414078 0.712712 0.396220 0.714101 0.372056 0.719338 0.334212 0.721303 0.323071 0.725231 0.300790 0.725228 0.276381
