0 0.498437 0.001563 0.498437 0.956250 1.001562 0.001563 1.001562 0.956250
0 0.453125 0.545312 0.453125 1.001562 0.668750 0.545312 0.668750 1.001562
1 0.509375 0.585938 0.509375 0.990625 0.626563 0.585938 0.626563 0.990625
1 0.665625 0.001563 0.665625 0.337500 0.964063 0.001563 0.964063 0.337500
1 0.900000 0.493750 0.900000 0.831250 1.001562 0.493750 1.001562 0.831250
1 0.929688 0.287500 0.929688 0.495312 1.001562 0.287500 1.001562 0.495312
1 0.734375 0.682813 0.734375 0.934375 0.917188 0.682813 0.917188 0.934375
1 0.740625 0.592187 0.740625 0.715625 0.896875 0.592187 0.896875 0.715625
1 0.850533 0.442331 0.846399 0.472509 0.862492 0.513673 0.867950 0.558946 0.871014 0.594615 0.883322 0.655668 0.899411 0.702663 0.916173 0.769892 0.928819 0.838148 0.937371 0.872448 0.944213 0.899889 0.963421 0.895100 0.929551 0.765099 0.916552 0.712962 0.901500 0.652593 0.893986 0.604918 0.898124 0.568911 0.888203 0.529122 0.882392 0.499968 0.884135 0.454356 0.877286 0.438576 0.865633 0.426908 0.871474 0.409421 0.859843 0.362772 0.851633 0.329844 0.849581 0.321612 0.827629 0.327085 0.847469 0.406662 0.850533 0.442331
1 0.715630 0.637729 0.719043 0.663109 0.726915 0.688836 0.727934 0.704612 0.716954 0.713179 0.718307 0.741988 0.731321 0.770804 0.736453 0.791384 0.741584 0.811965 0.749452 0.843521 0.754925 0.865474 0.757305 0.898399 0.763462 0.923095 0.768936 0.945047 0.785400 0.940942 0.768976 0.880915 0.761108 0.849359 0.750162 0.805454 0.744350 0.776300 0.738535 0.752975 0.738207 0.728282 0.740278 0.707364 0.738579 0.683013 0.733105 0.661061 0.730369 0.650084 0.722505 0.612698 0.719433 0.588689 0.713614 0.571195 0.694752 0.571526 0.708108 0.601714 0.715630 0.637729
