0 0.001563 0.621875 0.001563 1.001562 1.000000 0.621875 1.000000 1.001562
0 0.559375 0.435937 0.559375 0.550000 1.001562 0.435937 1.001562 0.550000
1 0.589063 0.487500 0.589063 0.504687 1.001562 0.487500 1.001562 0.504687
1 0.014063 0.792188 0.014063 1.001562 0.406250 0.792188 0.406250 1.001562
1 0.618750 0.882812 0.618750 1.001562 0.937500 0.882812 0.937500 1.001562
1 0.404687 0.967187 0.404687 1.001562 0.612500 0.967187 0.612500 1.001562
1 0.765625 0.676562 0.765625 0.807813 0.992188 0.676562 0.992188 0.807813
1 0.681250 0.704688 0.681250 0.842187 0.773438 0.704688 0.773438 0.842187
1 0.453903 0.882353 0.501980 0.882353 0.517534 0.872455 0.531674 0.880939 0.548643 0.883767 0.592477 0.871041 0.622172 0.869627 0.663179 0.869627 0.697115 0.856900 0.745192 0.852658 0.807410 0.852658 0.861143 0.852658 0.995475 0.854072 0.995475 0.834276 0.967195 0.834276 0.931844 0.834276 0.862557 0.838518 0.793269 0.838518 0.743778 0.834276 0.681561 0.837104 0.646210 0.842760 0.600962 0.848416 0.557127 0.842760 0.528846 0.854072 0.493495 0.859729 0.411482 0.859729 0.411482 0.882353 0.419966 0.882353 0.453903 0.882353
1 0.663179 0.688631 0.701357 0.687217 0.712670 0.687217 0.735294 0.687217 0.759333 0.682975 0.779129 0.675905 0.803167 0.670249 0.827206 0.670249 0.856900 0.668835 0.902149 0.668835 0.934672 0.668835 0.996889 0.670249 0.996889 0.653281 0.974265 0.653281 0.948812 0.653281 0.916290 0.658937 0.893665 0.658937 0.861143 0.658937 0.839932 0.658937 0.818722 0.658937 0.787613 0.653281 0.759333 0.658937 0.753676 0.671663 0.738122 0.674491 0.711256 0.673077 0.685803 0.675905 0.649038 0.677319 0.616516 0.671663 0.620758 0.690045 0.639140 0.691459 0.663179 0.688631
