0 0.175000 0.357812 0.175000 0.725000 0.534375 0.357812 0.534375 0.725000
1 0.232813 0.473438 0.232813 0.665625 0.287500 0.473438 0.287500 0.665625
1 0.309375 0.445312 0.309375 0.653125 0.375000 0.445312 0.375000 0.653125
1 0.432812 0.478125 0.432812 0.626563 0.487500 0.478125 0.487500 0.626563
