0 0.354687 0.195312 0.354687 0.503125 0.673438 0.195312 0.673438 0.503125
1 0.431250 0.240625 0.431250 0.262500 0.621875 0.240625 0.621875 0.262500
1 0.417187 0.321875 0.417187 0.351562 0.623437 0.321875 0.623437 0.351562
1 0.471875 0.437500 0.471875 0.467187 0.617188 0.437500 0.617188 0.467187
