0 0.440625 0.634375 0.440625 0.768750 0.717187 0.634375 0.717187 0.768750
0 0.487500 0.784375 0.487500 0.893750 0.682813 0.784375 0.682813 0.893750
0 0.165625 0.506250 0.165625 0.687500 0.629687 0.506250 0.629687 0.687500
0 0.264062 0.379688 0.264062 0.528125 0.631250 0.379688 0.631250 0.528125
0 0.400000 0.242188 0.400000 0.348438 0.571875 0.242188 0.571875 0.348438
0 0.182812 0.120313 0.182812 0.278125 0.546875 0.120313 0.546875 0.278125
0 0.210938 0.042188 0.210938 0.164062 0.420312 0.042188 0.420312 0.164062
1 0.542188 0.818750 0.542188 0.851562 0.637500 0.818750 0.637500 0.851562
1 0.475000 0.664062 0.475000 0.731250 0.692187 0.664062 0.692187 0.731250
1 0.188123 0.654831 0.566676 0.549557 0.596944 0.542233 0.590621 0.531938 0.181800 0.644536 0.188123 0.654831
1 0.298250 0.495137 0.601309 0.401657 0.603585 0.391131 0.291388 0.482066 0.298250 0.495137
1 0.443426 0.315666 0.546798 0.276846 0.547416 0.265202 0.439879 0.304831 0.443426 0.315666
1 0.222463 0.253461 0.501233 0.138773 0.512685 0.123582 0.214752 0.243436 0.222463 0.253461
1 0.239126 0.146506 0.390696 0.066627 0.398524 0.055022 0.227521 0.138679 0.239126 0.146506
0 0.104688 0.143750 0.104688 0.229687 0.175000 0.143750 0.175000 0.229687
