0 0.331250 0.670312 0.331250 0.756250 0.596875 0.670312 0.596875 0.756250
0 0.392188 0.812500 0.392188 0.887500 0.575000 0.812500 0.575000 0.887500
0 0.396875 0.526563 0.396875 0.621875 0.848437 0.526563 0.848437 0.621875
0 0.367188 0.403125 0.367188 0.484375 0.725000 0.403125 0.725000 0.484375
0 0.398438 0.257812 0.398438 0.334375 0.559375 0.257812 0.559375 0.334375
0 0.401562 0.132812 0.401562 0.225000 0.754687 0.132812 0.754687 0.225000
0 0.510938 0.031250 0.510938 0.117188 0.707812 0.031250 0.707812 0.117188
1 0.431250 0.839063 0.431250 0.854688 0.526563 0.839063 0.526563 0.854688
1 0.351562 0.696875 0.351562 0.723437 0.565625 0.696875 0.565625 0.723437
1 0.835690 0.592477 0.839932 0.581165 0.417138 0.548643 0.412896 0.559955 0.444005 0.561369 0.835690 0.592477
1 0.701357 0.442590 0.377545 0.412896 0.381787 0.422794 0.697115 0.456731 0.701357 0.442590
1 0.521776 0.296946 0.408654 0.278563 0.411482 0.289876 0.520362 0.308258 0.521776 0.296946
1 0.731052 0.193722 0.415724 0.132919 0.429864 0.145645 0.725396 0.205034 0.731052 0.193722
1 0.698529 0.093326 0.514706 0.043835 0.524604 0.053733 0.688631 0.103224 0.698529 0.093326
0 0.770312 0.085938 0.770312 0.162500 0.826562 0.085938 0.826562 0.162500
