0 0.148438 0.332813 0.148438 0.779687 0.809375 0.332813 0.809375 0.779687
1 0.323437 0.539062 0.323437 0.560937 0.781250 0.539062 0.781250 0.560937
1 0.407813 0.356250 0.407813 0.529687 0.442188 0.356250 0.442188 0.529687
1 0.475000 0.356250 0.475000 0.539062 0.762500 0.356250 0.762500 0.539062
1 0.614062 0.579688 0.614062 0.726562 0.629687 0.579688 0.629687 0.726562
1 0.646875 0.564063 0.646875 0.679688 0.764062 0.564063 0.764062 0.679688
1 0.434375 0.581250 0.434375 0.764062 0.467187 0.581250 0.467187 0.764062
1 0.282813 0.585938 0.282813 0.728125 0.321875 0.585938 0.321875 0.728125
