0 0.192188 0.178125 0.192188 0.881250 0.706250 0.178125 0.706250 0.881250
1 0.414062 0.228125 0.414062 0.685937 0.484375 0.228125 0.484375 0.685937
1 0.481250 0.546875 0.481250 0.598437 0.656250 0.546875 0.656250 0.598437
1 0.437500 0.228125 0.437500 0.532813 0.648438 0.228125 0.648438 0.532813
1 0.264062 0.382812 0.264062 0.414062 0.412500 0.382812 0.412500 0.414062
1 0.298438 0.248438 0.298438 0.376563 0.425000 0.248438 0.425000 0.376563
1 0.245312 0.545312 0.245312 0.596875 0.429688 0.545312 0.429688 0.596875
1 0.295312 0.690625 0.295312 0.742188 0.442188 0.690625 0.442188 0.742188
