0 0.168750 0.268750 0.168750 0.832812 0.901563 0.268750 0.901563 0.832812
1 0.235937 0.504687 0.235937 0.614062 0.689063 0.504687 0.689063 0.614062
1 0.532813 0.342187 0.532813 0.517188 0.600000 0.342187 0.600000 0.517188
1 0.218750 0.354687 0.218750 0.587500 0.535937 0.354687 0.535937 0.587500
1 0.390625 0.600000 0.390625 0.746875 0.434375 0.600000 0.434375 0.746875
1 0.256250 0.590625 0.256250 0.726562 0.393750 0.590625 0.393750 0.726562
1 0.551562 0.568750 0.551562 0.753125 0.618750 0.568750 0.618750 0.753125
1 0.695312 0.542188 0.695312 0.690625 0.759375 0.542188 0.759375 0.690625
