0 0.004687 0.209375 0.004687 0.768750 0.979688 0.209375 0.979688 0.768750
1 0.346875 0.462500 0.346875 0.582812 0.943750 0.462500 0.943750 0.582812
1 0.695312 0.510938 0.695312 0.634375 0.937500 0.510938 0.937500 0.634375
1 0.376563 0.448437 0.376563 0.671875 0.560937 0.448437 0.560937 0.671875
1 0.776563 0.421875 0.776563 0.484375 0.804688 0.421875 0.804688 0.484375
1 0.707812 0.428125 0.707812 0.492188 0.737500 0.428125 0.737500 0.492188
1 0.784375 0.485938 0.784375 0.540625 0.810937 0.485938 0.810937 0.540625
1 0.720313 0.500000 0.720313 0.548438 0.746875 0.500000 0.746875 0.548438
1 0.618750 0.445312 0.618750 0.664062 0.673438 0.445312 0.673438 0.664062
1 0.275236 0.474445 0.222319 0.483775 0.186769 0.485736 0.155887 0.489746 0.134999 0.493429 0.130660 0.476964 0.131481 0.465332 0.174650 0.457721 0.204139 0.453957 0.228714 0.446752 0.243295 0.439873 0.235760 0.429715 0.214872 0.433398 0.192837 0.438720 0.174408 0.431918 0.161545 0.448545 0.137300 0.441333 0.121656 0.434041 0.116250 0.427814 0.101588 0.426092 0.088564 0.425517 0.082994 0.426499 0.083156 0.443701 0.082251 0.471141 0.082167 0.486951 0.089536 0.504317 0.100102 0.515377 0.108538 0.522504 0.132618 0.536924 0.145480 0.520298 0.154983 0.517186 0.163338 0.515713 0.174068 0.519564 0.179473 0.525791 0.163008 0.530130 0.175867 0.537913 0.196756 0.534230 0.218135 0.533332 0.236238 0.530140 0.239679 0.525226 0.259830 0.517365 0.272363 0.515155 0.274984 0.521872 0.270557 0.545626 0.267688 0.561926 0.267113 0.574950 0.271943 0.594200 0.275054 0.603703 0.265387 0.614022 0.247123 0.600013 0.226480 0.605088 0.227876 0.580433 0.203876 0.574614 0.186264 0.580591 0.163082 0.587550 0.146863 0.593282 0.128188 0.585088 0.118110 0.601223 0.114259 0.611953 0.106967 0.627598 0.109668 0.642916 0.117448 0.654466 0.123916 0.674863 0.123832 0.690672 0.150536 0.687400 0.159941 0.672642 0.158726 0.693135 0.160936 0.705668 0.155036 0.721066 0.153970 0.731305 0.181246 0.739418 0.203772 0.736882 0.199352 0.711816 0.210822 0.695435 0.227041 0.689704 0.241784 0.700027 0.253907 0.703633 0.265619 0.713054 0.274300 0.721574 0.290110 0.721658 0.305592 0.711749 0.301092 0.678083 0.296507 0.660225 0.296020 0.633030 0.292010 0.602149 0.296682 0.579787 0.297913 0.562340 0.303241 0.535555 0.308980 0.502955 0.310211 0.485508 0.302922 0.476742 0.275236 0.474445
