0 0.050000 0.312500 0.050000 0.720313 0.967187 0.312500 0.967187 0.720313
1 0.062500 0.448437 0.062500 0.464062 0.665625 0.448437 0.665625 0.464062
1 0.089063 0.335938 0.089063 0.420312 0.320312 0.335938 0.320312 0.420312
1 0.468750 0.350000 0.468750 0.548438 0.620313 0.350000 0.620313 0.548438
1 0.200000 0.470313 0.200000 0.529687 0.218750 0.470313 0.218750 0.529687
1 0.267188 0.471875 0.267188 0.535937 0.287500 0.471875 0.287500 0.535937
1 0.204687 0.412500 0.204687 0.465625 0.221875 0.412500 0.221875 0.465625
1 0.267188 0.417187 0.267188 0.462500 0.287500 0.417187 0.287500 0.462500
1 0.359375 0.315625 0.359375 0.534375 0.376563 0.315625 0.376563 0.534375
1 0.714084 0.456731 0.709842 0.473699 0.699943 0.499152 0.688631 0.530260 0.684389 0.547229 0.690045 0.557127 0.716912 0.564197 0.770645 0.564197 0.805995 0.568439 0.837104 0.569853 0.858314 0.569853 0.859729 0.586821 0.856900 0.598133 0.813066 0.598133 0.783371 0.596719 0.757919 0.599548 0.742364 0.603790 0.748020 0.615102 0.769231 0.615102 0.791855 0.613688 0.808824 0.623586 0.824378 0.609446 0.847002 0.620758 0.861143 0.630656 0.865385 0.637726 0.879525 0.641968 0.892251 0.644796 0.897907 0.644796 0.900735 0.627828 0.906391 0.600962 0.909219 0.585407 0.904977 0.567025 0.896493 0.554299 0.889423 0.545814 0.868213 0.527432 0.852658 0.541572 0.842760 0.542986 0.834276 0.542986 0.824378 0.537330 0.820136 0.530260 0.837104 0.528846 0.825792 0.518948 0.804581 0.518948 0.783371 0.516120 0.764989 0.516120 0.760747 0.520362 0.739536 0.524604 0.726810 0.524604 0.725396 0.517534 0.733880 0.494910 0.739536 0.479355 0.742364 0.466629 0.740950 0.446833 0.739536 0.436934 0.750848 0.428450 0.766403 0.445419 0.787613 0.444005 0.781957 0.468043 0.804581 0.477941 0.822964 0.475113 0.847002 0.472285 0.863971 0.469457 0.880939 0.480769 0.893665 0.466629 0.899321 0.456731 0.909219 0.442590 0.909219 0.427036 0.903563 0.414310 0.900735 0.393100 0.903563 0.377545 0.876697 0.376131 0.864872 0.389031 0.869627 0.369061 0.869627 0.356335 0.878111 0.342195 0.880939 0.332296 0.855486 0.319570 0.832862 0.318156 0.832862 0.343609 0.818722 0.357749 0.801753 0.360577 0.789027 0.347851 0.777715 0.342195 0.767817 0.330882 0.760747 0.320984 0.745192 0.318156 0.728224 0.325226 0.726810 0.359163 0.728224 0.377545 0.723982 0.404412 0.722568 0.435520 0.714084 0.456731
