0 0.267188 0.018750 0.267188 0.975000 0.767188 0.018750 0.767188 0.975000
1 0.403125 0.332813 0.403125 0.934375 0.481250 0.332813 0.481250 0.934375
1 0.293750 0.664062 0.293750 0.903125 0.401562 0.664062 0.401562 0.903125
1 0.346875 0.368750 0.346875 0.540625 0.560937 0.368750 0.560937 0.540625
1 0.439063 0.781250 0.439063 0.806250 0.500000 0.781250 0.500000 0.806250
1 0.448437 0.712500 0.448437 0.737500 0.512500 0.712500 0.512500 0.737500
1 0.382812 0.771875 0.382812 0.793750 0.437500 0.771875 0.437500 0.793750
1 0.393750 0.706250 0.393750 0.729688 0.440625 0.706250 0.440625 0.729688
1 0.303125 0.606250 0.303125 0.646875 0.521875 0.606250 0.521875 0.646875
1 0.586519 0.290987 0.592135 0.237548 0.600049 0.202835 0.604707 0.172044 0.606924 0.150950 0.623948 0.151317 0.634902 0.155312 0.630320 0.198907 0.625810 0.228291 0.625962 0.253900 0.628555 0.269812 0.640396 0.265370 0.642614 0.244276 0.643572 0.221627 0.655190 0.205786 0.642753 0.188839 0.656368 0.167521 0.667690 0.154493 0.675165 0.151013 0.680862 0.137394 0.685005 0.125033 0.685596 0.119408 0.669016 0.114822 0.642888 0.106388 0.627714 0.101950 0.608989 0.104247 0.595446 0.111355 0.586269 0.117499 0.565771 0.136672 0.578207 0.153619 0.578579 0.163611 0.577692 0.172048 0.571033 0.181301 0.563558 0.184781 0.563925 0.167758 0.552899 0.177973 0.550682 0.199068 0.545652 0.219866 0.543730 0.238148 0.547506 0.242810 0.549508 0.264348 0.548177 0.277004 0.540998 0.277672 0.519385 0.266869 0.504507 0.259618 0.492146 0.255475 0.472310 0.254812 0.462318 0.255184 0.455063 0.243047 0.473564 0.229351 0.474375 0.208109 0.497691 0.216247 0.509899 0.194781 0.509008 0.176204 0.508709 0.152002 0.507670 0.134831 0.520694 0.119138 0.507961 0.105003 0.498708 0.098343 0.485680 0.087021 0.470211 0.085395 0.456963 0.089690 0.435573 0.090286 0.420400 0.085847 0.416185 0.112419 0.427779 0.125527 0.408415 0.118711 0.395758 0.117381 0.382582 0.107465 0.373034 0.103618 0.357717 0.127601 0.353946 0.149954 0.379259 0.152614 0.391844 0.168155 0.392883 0.185326 0.378896 0.196652 0.372088 0.207311 0.359803 0.215973 0.349220 0.221970 0.344782 0.237143 0.350040 0.254757 0.383643 0.259711 0.402072 0.260226 0.428348 0.267253 0.459138 0.271911 0.479346 0.282566 0.495778 0.288559 0.520056 0.301063 0.549812 0.315565 0.566244 0.321558 0.576679 0.316967 0.586519 0.290987
