0 0.446875 0.384375 0.446875 0.548438 0.876563 0.384375 0.876563 0.548438
0 0.473438 0.612500 0.473438 0.701562 0.626563 0.612500 0.626563 0.701562
1 0.475000 0.448437 0.475000 0.493750 0.829688 0.448437 0.829688 0.493750
1 0.495312 0.648438 0.495312 0.681250 0.582812 0.648438 0.582812 0.681250
