0 0.457813 0.128125 0.457813 0.553125 0.607812 0.128125 0.607812 0.553125
0 0.303125 0.384375 0.303125 0.534375 0.387500 0.384375 0.387500 0.534375
1 0.510938 0.175000 0.510938 0.528125 0.543750 0.175000 0.543750 0.528125
1 0.323437 0.428125 0.323437 0.514062 0.353125 0.428125 0.353125 0.514062
