2 0.784375 0.029687 0.784375 0.350000 0.965625 0.029687 0.965625 0.350000
2 0.001563 0.410938 0.001563 0.996875 0.098437 0.410938 0.098437 0.996875
2 0.234375 0.418750 0.234375 1.001562 0.520312 0.418750 0.520312 1.001562
2 0.421875 0.168750 0.421875 0.421875 0.753125 0.168750 0.753125 0.421875
2 0.798438 0.576562 0.798438 0.998437 1.001562 0.576562 1.001562 0.998437
1 0.542188 0.621875 0.542188 0.785937 0.631250 0.621875 0.631250 0.785937
1 0.535937 0.807813 0.535937 1.001562 0.667188 0.807813 0.667188 1.001562
