2 0.653125 0.784375 0.653125 0.967187 0.975000 0.784375 0.975000 0.967187
2 0.006250 0.001563 0.006250 0.098437 0.592187 0.001563 0.592187 0.098437
2 0.001563 0.234375 0.001563 0.520312 0.584375 0.234375 0.584375 0.520312
2 0.582812 0.421875 0.582812 0.753125 0.835938 0.421875 0.835938 0.753125
2 0.006250 0.798438 0.006250 1.001562 0.428125 0.798438 0.428125 1.001562
1 0.218750 0.543750 0.218750 0.631250 0.381250 0.543750 0.381250 0.631250
1 0.001563 0.535937 0.001563 0.667188 0.195312 0.535937 0.195312 0.667188
