0 0.295312 0.076563 0.295312 0.693750 0.796875 0.076563 0.796875 0.693750
1 0.676562 0.396875 0.676562 0.415625 0.773438 0.396875 0.773438 0.415625
1 0.668750 0.348438 0.668750 0.360938 0.771875 0.348438 0.771875 0.360938
1 0.622804 0.305268 0.617743 0.322423 0.615361 0.335240 0.610350 0.353809 0.610745 0.365114 0.611485 0.386311 0.615249 0.413063 0.608300 0.457167 0.621117 0.459549 0.622907 0.429774 0.631695 0.357308 0.632597 0.302096 0.622804 0.305268
1 0.520401 0.371099 0.513927 0.388303 0.513402 0.413790 0.514488 0.444879 0.501164 0.509015 0.513981 0.511397 0.517480 0.490051 0.523788 0.427576 0.531163 0.355159 0.520401 0.371099
1 0.392561 0.437818 0.393498 0.464668 0.388407 0.521442 0.386666 0.552630 0.383413 0.581041 0.382283 0.670219 0.390663 0.667096 0.393027 0.613248 0.402193 0.511056 0.407464 0.418904 0.392561 0.437818
1 0.759988 0.100978 0.758970 0.112332 0.756736 0.129389 0.753385 0.154974 0.747503 0.189137 0.742887 0.219011 0.743874 0.247274 0.742331 0.284115 0.739423 0.322418 0.747952 0.323535 0.752420 0.289422 0.759715 0.255210 0.761110 0.214130 0.761289 0.178751 0.768781 0.150192 0.769486 0.089327 0.759988 0.100978
1 0.398438 0.570312 0.398438 0.642188 0.496875 0.570312 0.496875 0.642188
