0 0.295312 0.293750 0.295312 0.932813 0.826562 0.293750 0.826562 0.932813
1 0.685937 0.557813 0.685937 0.581250 0.784375 0.557813 0.784375 0.581250
1 0.684375 0.610938 0.684375 0.629687 0.787500 0.610938 0.787500 0.629687
1 0.638507 0.661904 0.645620 0.678315 0.655727 0.680270 0.648104 0.625579 0.630549 0.554724 0.625144 0.525389 0.612712 0.529315 0.624985 0.572244 0.624509 0.599255 0.626358 0.620384 0.627344 0.631653 0.634580 0.649473 0.638507 0.661904
1 0.532437 0.568985 0.518562 0.507744 0.512488 0.486984 0.500056 0.490911 0.521097 0.552944 0.523809 0.583934 0.527436 0.609167 0.535958 0.625454 0.548583 0.639964 0.532437 0.568985
1 0.418037 0.591769 0.401574 0.500946 0.380023 0.400633 0.371114 0.347474 0.362416 0.345396 0.374406 0.433771 0.381097 0.461574 0.386625 0.492318 0.398598 0.548048 0.400940 0.574812 0.418037 0.591769
1 0.775320 0.749295 0.783543 0.778383 0.793544 0.811574 0.799988 0.836560 0.804284 0.853218 0.806679 0.864364 0.817525 0.874770 0.809409 0.814445 0.798492 0.787011 0.794002 0.751918 0.787611 0.711314 0.776202 0.678246 0.767609 0.644931 0.759281 0.647080 0.766834 0.684743 0.772856 0.721122 0.775320 0.749295
1 0.384375 0.367188 0.384375 0.443750 0.487500 0.367188 0.487500 0.443750
