0 0.390625 0.479687 0.390625 0.798438 0.609375 0.479687 0.609375 0.798438
1 0.432812 0.645312 0.432812 0.704688 0.507812 0.645312 0.507812 0.704688
1 0.006250 0.140625 0.006250 0.200000 0.162500 0.140625 0.162500 0.200000
1 0.540625 0.546875 0.540625 0.587500 0.567187 0.546875 0.567187 0.587500
1 0.514542 0.687782 0.515832 0.694876 0.526846 0.712039 0.529329 0.731882 0.520550 0.748700 0.520204 0.768493 0.542924 0.763233 0.535650 0.693808 0.523881 0.557835 0.513212 0.520879 0.500488 0.520656 0.506891 0.558953 0.513269 0.598663 0.514140 0.629791 0.515233 0.648196 0.514961 0.663748 0.514542 0.687782
