0 0.212500 0.085938 0.212500 0.685937 0.693750 0.085938 0.693750 0.685937
1 0.226562 0.406250 0.226562 0.421875 0.323437 0.406250 0.323437 0.421875
1 0.226562 0.357812 0.226562 0.367188 0.329688 0.357812 0.329688 0.367188
1 0.390271 0.460973 0.381787 0.417138 0.384615 0.390271 0.384615 0.369061 0.384615 0.357749 0.378959 0.339367 0.376131 0.326640 0.370475 0.309672 0.360577 0.306844 0.363405 0.361991 0.374717 0.434106 0.377545 0.463801 0.390271 0.460973
1 0.499152 0.509050 0.483597 0.445419 0.483597 0.414310 0.482183 0.388857 0.475113 0.371889 0.463801 0.356335 0.473699 0.428450 0.482183 0.490667 0.486425 0.511878 0.499152 0.509050
1 0.623586 0.666007 0.619344 0.576923 0.615102 0.548643 0.612274 0.517534 0.605204 0.460973 0.605204 0.434106 0.589649 0.415724 0.598133 0.507636 0.610860 0.609446 0.615102 0.663179 0.623586 0.666007
1 0.231900 0.264423 0.240385 0.298360 0.246041 0.332296 0.254525 0.330882 0.250283 0.292704 0.247455 0.255939 0.247455 0.227658 0.241799 0.197964 0.234729 0.164027 0.230486 0.138575 0.227658 0.121606 0.226244 0.110294 0.216346 0.098982 0.219174 0.159785 0.227658 0.188066 0.229072 0.223416 0.231900 0.264423
1 0.510938 0.568750 0.510938 0.637500 0.607812 0.568750 0.607812 0.637500
