0 0.548759 0.000775 0.550819 0.050623 0.482680 0.093386 0.440682 0.149302 0.388438 0.176715 0.340411 0.242293 0.341750 0.277478 0.391053 0.306663 0.473106 0.306142 0.503080 0.267596 0.561222 0.294006 0.596543 0.284855 0.633155 0.145825 0.674743 0.113342 0.684848 0.093985 0.677583 0.062603 0.660314 0.044721 0.666888 0.003814 0.548759 0.000775
1 0.524490 0.263683 0.535973 0.253984 0.543190 0.245625 0.549092 0.231585 0.549216 0.224516 0.553729 0.209038 0.556680 0.202018 0.561217 0.185127 0.564218 0.175279 0.578405 0.172699 0.582918 0.157221 0.584455 0.150176 0.584776 0.131797 0.585097 0.113417 0.588048 0.106398 0.604044 0.081220 0.612848 0.062989 0.623090 0.043368 0.629041 0.026501 0.633455 0.016679 0.629436 0.003880 0.610958 0.009215 0.599351 0.025983 0.596203 0.044313 0.585813 0.072417 0.574231 0.087771 0.571477 0.083480 0.560216 0.080455 0.554289 0.095909 0.552604 0.111436 0.543652 0.138150 0.534626 0.169106 0.528403 0.201525 0.516180 0.253639 0.524490 0.263683
3 0.187500 0.215625 0.187500 0.626563 0.323437 0.215625 0.323437 0.626563
3 0.570312 0.279687 0.570312 0.456250 0.678125 0.279687 0.678125 0.456250
3 0.640625 0.118750 0.640625 0.217188 1.001562 0.118750 1.001562 0.217188
3 0.009375 0.010937 0.009375 0.112500 0.475000 0.010937 0.475000 0.112500
