0 0.987581 0.617763 0.937931 0.612866 0.905068 0.539438 0.855541 0.490067 0.835666 0.434516 0.777410 0.377830 0.742381 0.374259 0.706618 0.419021 0.695715 0.500347 0.729713 0.535394 0.695469 0.589295 0.699615 0.625546 0.832197 0.681150 0.858575 0.726855 0.876338 0.739556 0.908426 0.736728 0.928537 0.722116 0.968131 0.734320 0.987581 0.617763
1 0.730609 0.557141 0.738615 0.569862 0.745889 0.578172 0.758970 0.585971 0.765953 0.587077 0.780653 0.593700 0.787193 0.597599 0.803289 0.604443 0.812623 0.608785 0.813204 0.623194 0.827903 0.629817 0.834665 0.632319 0.852821 0.635195 0.870977 0.638071 0.877518 0.641970 0.900224 0.661314 0.917053 0.672570 0.935057 0.685443 0.950932 0.693684 0.960044 0.699422 0.973278 0.697223 0.970567 0.678182 0.955577 0.664355 0.937863 0.658686 0.911479 0.644486 0.897886 0.630879 0.902518 0.628750 0.907081 0.618019 0.892603 0.609999 0.877462 0.606170 0.852253 0.593587 0.822855 0.580341 0.791617 0.569667 0.741712 0.550309 0.730609 0.557141
3 0.403125 0.173437 0.403125 0.364063 0.828125 0.173437 0.828125 0.364063
3 0.523438 0.575000 0.523438 0.706250 0.712500 0.575000 0.712500 0.706250
3 0.712500 0.679688 0.712500 1.001562 0.860938 0.679688 0.860938 1.001562
3 0.890625 0.068750 0.890625 0.542188 1.001562 0.068750 1.001562 0.542188
