0 0.145313 0.148438 0.145313 0.573438 0.687500 0.148438 0.687500 0.573438
1 0.543750 0.289062 0.543750 0.457813 0.596875 0.289062 0.596875 0.457813
1 0.250000 0.210938 0.250000 0.265625 0.396875 0.210938 0.396875 0.265625
1 0.339062 0.217188 0.339062 0.401562 0.384375 0.217188 0.384375 0.401562
1 0.212500 0.275000 0.212500 0.370312 0.239063 0.275000 0.239063 0.370312
1 0.434375 0.367188 0.434375 0.515625 0.482812 0.367188 0.482812 0.515625
0 0.521875 0.637500 0.521875 0.801562 0.703125 0.637500 0.703125 0.801562
