0 0.195312 0.365625 0.195312 0.907813 0.620313 0.365625 0.620313 0.907813
1 0.271875 0.464062 0.271875 0.517188 0.440625 0.464062 0.440625 0.517188
1 0.306250 0.698438 0.306250 0.845313 0.360938 0.698438 0.360938 0.845313
1 0.290625 0.684375 0.290625 0.729688 0.475000 0.684375 0.475000 0.729688
1 0.401562 0.814063 0.401562 0.840625 0.496875 0.814063 0.496875 0.840625
1 0.390625 0.542188 0.390625 0.590625 0.539062 0.542188 0.539062 0.590625
0 0.573438 0.221875 0.573438 0.403125 0.737500 0.221875 0.737500 0.403125
