0 0.371875 0.217188 0.371875 0.548438 0.856250 0.217188 0.856250 0.548438
1 0.451562 0.278125 0.451562 0.445312 0.470313 0.278125 0.470313 0.445312
1 0.657813 0.267188 0.657813 0.293750 0.803125 0.267188 0.803125 0.293750
1 0.675000 0.248438 0.675000 0.435937 0.681250 0.248438 0.681250 0.435937
1 0.804688 0.334375 0.804688 0.431250 0.812500 0.334375 0.812500 0.431250
1 0.546875 0.378125 0.546875 0.526563 0.565625 0.378125 0.565625 0.526563
0 0.268750 0.623437 0.268750 0.757812 0.426563 0.623437 0.426563 0.757812
